label: 0.0
pred: 0.0
target: 1.0
cf pred: 1.0
l_inf: 0.5047199726104736
l_1: 0.0036384142003953457