label: 0.0
pred: 0.0
target: 1.0
cf pred: 1.0
l_inf: 0.44293516874313354
l_1: 0.0030758276116102934