label: 0.0
pred: 0.0
target: 1.0
cf pred: 1.0
l_inf: 0.45129677653312683
l_1: 0.00321428244933486