label: 0.0
pred: 0.0
target: 1.0
cf pred: 1.0
l_inf: 0.3322135806083679
l_1: 0.007828081957995892