label: 1.0
pred: 1.0
target: 0.0
cf pred: 0.0
l_inf: 0.19607844948768616
l_1: 0.0028055431321263313