label: 1.0
pred: 1.0
target: 0.0
cf pred: 0.0
l_inf: 0.19607841968536377
l_1: 0.006699746008962393