label: 0.0
pred: 0.0
target: 1.0
cf pred: 1.0
l_inf: 0.18039214611053467
l_1: 0.00111542793456465