label: 0.0
pred: 0.0
target: 1.0
cf pred: 1.0
l_inf: 0.15686273574829102
l_1: 0.0008674574783071876