label: 0.0
pred: 0.0
target: 1.0
cf pred: 1.0
l_inf: 0.18039217591285706
l_1: 0.0027132926043123007