label: 1.0
pred: 1.0
target: 0.0
cf pred: 0.0
l_inf: 0.5987133383750916
l_1: 0.0071196588687598705