label: 1.0
pred: 1.0
target: 0.0
cf pred: 0.0
l_inf: 0.397031307220459
l_1: 0.008986215107142925