label: 0.0
pred: 0.0
target: 1.0
cf pred: 1.0
l_inf: 0.27074775099754333
l_1: 0.0017369309207424521