label: 1.0
pred: 1.0
target: 0.0
cf pred: 0.0
l_inf: 0.31496256589889526
l_1: 0.005438889376819134